{
    "w": 6000,
    "h": 4000,
    "fl_x": 7745.855288377449,
    "fl_y": 7750.997171576065,
    "cx": 3006.6807288752493,
    "cy": 1975.0994883693127,
    "k1": -0.0001029836857665455,
    "k2": -0.030773974020659244,
    "p1": -0.0010693173925016646,
    "p2": -0.00012011208200170835,
    "camera_model": "OPENCV",
    "frames": [
        {
            "file_path": "images/frame_00058.JPG",
            "transform_matrix": [
                [
                    0.8541698435419377,
                    -0.2967407886321441,
                    -0.42701145505186944,
                    -1.110327549683967
                ],
                [
                    0.09663225425771547,
                    0.897464179550738,
                    -0.43037222710160195,
                    0.5728921872816428
                ],
                [
                    0.5109364792423945,
                    0.32634789839264144,
                    0.7952615691670839,
                    1.481364726280981
                ],
                [
                    0.0,
                    0.0,
                    0.0,
                    1.0
                ]
            ],
            "colmap_im_id": 58
        },
        {
            "file_path": "images/frame_00057.JPG",
            "transform_matrix": [
                [
                    0.8580294004775526,
                    -0.28821048119561476,
                    -0.42511206339637525,
                    -1.091153533200114
                ],
                [
                    0.0976078193412394,
                    0.9041297575339717,
                    -0.41595924697620207,
                    0.5731316995241771
                ],
                [
                    0.5042402815321081,
                    0.31541100182231,
                    0.8039015103915822,
                    1.4670372266609055
                ],
                [
                    0.0,
                    0.0,
                    0.0,
                    1.0
                ]
            ],
            "colmap_im_id": 57
        },
        {
            "file_path": "images/frame_00056.JPG",
            "transform_matrix": [
                [
                    0.9650922934799824,
                    0.09227959805117976,
                    -0.24511495435623779,
                    -0.2178684057052653
                ],
                [
                    -0.20660909984699144,
                    0.8434065886071512,
                    -0.49596169827363,
                    0.11699046087299016
                ],
                [
                    0.16096442130472108,
                    0.5292917929437032,
                    0.8330310036225997,
                    2.07013844133478
                ],
                [
                    0.0,
                    0.0,
                    0.0,
                    1.0
                ]
            ],
            "colmap_im_id": 56
        },
        {
            "file_path": "images/frame_00055.JPG",
            "transform_matrix": [
                [
                    0.9680463025243486,
                    0.09588949956920308,
                    -0.23171439325450832,
                    -0.21999113586870764
                ],
                [
                    -0.20139640299008757,
                    0.8478325627761037,
                    -0.49052974869946253,
                    0.10861049170450632
                ],
                [
                    0.14941835573848142,
                    0.5215219548292013,
                    0.840052977852907,
                    2.055875815649014
                ],
                [
                    0.0,
                    0.0,
                    0.0,
                    1.0
                ]
            ],
            "colmap_im_id": 55
        },
        {
            "file_path": "images/frame_00054.JPG",
            "transform_matrix": [
                [
                    0.7722320709066094,
                    0.540042343036131,
                    -0.3346817837757761,
                    -0.6070822547700633
                ],
                [
                    -0.6333339841018089,
                    0.6124943703210267,
                    -0.4730102651177652,
                    0.0934457125819428
                ],
                [
                    -0.05045486344267737,
                    0.5772390441169887,
                    0.8150149647103948,
                    1.8198632179028054
                ],
                [
                    0.0,
                    0.0,
                    0.0,
                    1.0
                ]
            ],
            "colmap_im_id": 54
        },
        {
            "file_path": "images/frame_00053.JPG",
            "transform_matrix": [
                [
                    0.7725642941118003,
                    0.5392819014379715,
                    -0.3351409289313703,
                    -0.5987733389674249
                ],
                [
                    -0.6330196093654454,
                    0.6132099143212243,
                    -0.4725037302889527,
                    0.0916067246757481
                ],
                [
                    -0.0493009697912197,
                    0.5771902907703857,
                    0.8151201031860535,
                    1.8234916709174551
                ],
                [
                    0.0,
                    0.0,
                    0.0,
                    1.0
                ]
            ],
            "colmap_im_id": 53
        },
        {
            "file_path": "images/frame_00052.JPG",
            "transform_matrix": [
                [
                    0.08638097015824167,
                    0.8156554497500973,
                    -0.5720528955328231,
                    -1.9421791900165557
                ],
                [
                    -0.927641706365683,
                    -0.14356452578940826,
                    -0.34477542189927957,
                    0.4865665780746188
                ],
                [
                    -0.36334445448566405,
                    0.5604421595738749,
                    0.744234770194652,
                    1.0766989103697067
                ],
                [
                    0.0,
                    0.0,
                    0.0,
                    1.0
                ]
            ],
            "colmap_im_id": 52
        },
        {
            "file_path": "images/frame_00051.JPG",
            "transform_matrix": [
                [
                    0.08704994546919821,
                    0.819721505226876,
                    -0.5661086122489163,
                    -1.934845573406252
                ],
                [
                    -0.9288938722828359,
                    -0.1385492510199787,
                    -0.34345345984165176,
                    0.5052511205120903
                ],
                [
                    -0.3599701112998239,
                    0.5557524259149819,
                    0.7493735784376203,
                    1.0717708897505027
                ],
                [
                    0.0,
                    0.0,
                    0.0,
                    1.0
                ]
            ],
            "colmap_im_id": 51
        },
        {
            "file_path": "images/frame_00050.JPG",
            "transform_matrix": [
                [
                    0.9219383405162412,
                    0.2243620567492138,
                    -0.3157393921851083,
                    -0.534058775562374
                ],
                [
                    -0.3840263011314169,
                    0.6358077928053284,
                    -0.6695313664402429,
                    -1.2404661723074313
                ],
                [
                    0.05053213161426521,
                    0.738518867801818,
                    0.6723365121538762,
                    0.8342495944110618
                ],
                [
                    0.0,
                    0.0,
                    0.0,
                    1.0
                ]
            ],
            "colmap_im_id": 50
        },
        {
            "file_path": "images/frame_00049.JPG",
            "transform_matrix": [
                [
                    0.920593779537935,
                    0.2288655532726851,
                    -0.31642953655000006,
                    -0.53859248845917
                ],
                [
                    -0.38769350226174526,
                    0.6329456254852993,
                    -0.6701295273923134,
                    -1.2357012853430995
                ],
                [
                    0.04691312588265837,
                    0.7395947496461902,
                    0.6714154935028733,
                    0.8359482876775933
                ],
                [
                    0.0,
                    0.0,
                    0.0,
                    1.0
                ]
            ],
            "colmap_im_id": 49
        },
        {
            "file_path": "images/frame_00048.JPG",
            "transform_matrix": [
                [
                    0.8005520612831278,
                    0.1976275023678175,
                    -0.5657382499736016,
                    -1.380416682400854
                ],
                [
                    -0.5600131885587504,
                    -0.08932464294749354,
                    -0.8236542580491915,
                    -1.490336189239465
                ],
                [
                    -0.21331110101351142,
                    0.9761989953232695,
                    0.03916498071290815,
                    -1.89580210223348
                ],
                [
                    0.0,
                    0.0,
                    0.0,
                    1.0
                ]
            ],
            "colmap_im_id": 48
        },
        {
            "file_path": "images/frame_00047.JPG",
            "transform_matrix": [
                [
                    0.8010915167878384,
                    0.19900430046579096,
                    -0.5644906289095343,
                    -1.3784849340440668
                ],
                [
                    -0.5583156138411436,
                    -0.09146095422973917,
                    -0.8245717489658329,
                    -1.485216932173677
                ],
                [
                    -0.21572217566061094,
                    0.9757213650666398,
                    0.0378386136208206,
                    -1.8889022043638208
                ],
                [
                    0.0,
                    0.0,
                    0.0,
                    1.0
                ]
            ],
            "colmap_im_id": 47
        },
        {
            "file_path": "images/frame_00046.JPG",
            "transform_matrix": [
                [
                    0.46530806841572714,
                    0.06723249343818342,
                    -0.8825917478049006,
                    -2.0545466929168965
                ],
                [
                    -0.8738367596255522,
                    -0.1240105128843414,
                    -0.47013903286291525,
                    0.2266076231052347
                ],
                [
                    -0.1410592747547629,
                    0.9900005982423682,
                    0.0010471319941118787,
                    -1.844792885475715
                ],
                [
                    0.0,
                    0.0,
                    0.0,
                    1.0
                ]
            ],
            "colmap_im_id": 46
        },
        {
            "file_path": "images/frame_00045.JPG",
            "transform_matrix": [
                [
                    0.45878924026832907,
                    0.06443257051066288,
                    -0.8862058885334704,
                    -2.056561816605796
                ],
                [
                    -0.8767264085365967,
                    -0.12930472662793643,
                    -0.46328295052396967,
                    0.2214733242035721
                ],
                [
                    -0.14444112152891153,
                    0.9895093387780952,
                    -0.0028338811561404065,
                    -1.8372139934162781
                ],
                [
                    0.0,
                    0.0,
                    0.0,
                    1.0
                ]
            ],
            "colmap_im_id": 45
        },
        {
            "file_path": "images/frame_00044.JPG",
            "transform_matrix": [
                [
                    0.2869244645324219,
                    -0.8359673862853015,
                    0.4677957681725055,
                    2.575262588253269
                ],
                [
                    0.9059634073622662,
                    0.0781120032756914,
                    -0.41608751418999707,
                    0.4581353169888793
                ],
                [
                    0.3112951271275148,
                    0.5431915352908032,
                    0.779768106436192,
                    1.1226282566983647
                ],
                [
                    0.0,
                    0.0,
                    0.0,
                    1.0
                ]
            ],
            "colmap_im_id": 44
        },
        {
            "file_path": "images/frame_00043.JPG",
            "transform_matrix": [
                [
                    0.28807049172956983,
                    -0.8379574777099802,
                    0.46351122677300033,
                    2.5358164653778936
                ],
                [
                    0.9039108392261223,
                    0.07813342063999654,
                    -0.42052391526359195,
                    0.45171639087934823
                ],
                [
                    0.3161654416981893,
                    0.5401133530371391,
                    0.77994677981691,
                    1.1185956307308238
                ],
                [
                    0.0,
                    0.0,
                    0.0,
                    1.0
                ]
            ],
            "colmap_im_id": 43
        },
        {
            "file_path": "images/frame_00042.JPG",
            "transform_matrix": [
                [
                    0.6727462875951153,
                    0.4916076347817913,
                    -0.5529325148254922,
                    -1.6324107462167572
                ],
                [
                    -0.7389171160447742,
                    0.48440897617135786,
                    -0.4683475626291771,
                    0.3534132122587394
                ],
                [
                    0.037602235878524085,
                    0.7236503832852366,
                    0.6891416361155854,
                    0.7690059421004684
                ],
                [
                    0.0,
                    0.0,
                    0.0,
                    1.0
                ]
            ],
            "colmap_im_id": 42
        },
        {
            "file_path": "images/frame_00041.JPG",
            "transform_matrix": [
                [
                    0.6730834395942721,
                    0.49081416750858226,
                    -0.5532270205953442,
                    -1.630951832381123
                ],
                [
                    -0.7386617727192619,
                    0.4831366398802617,
                    -0.47006145633145385,
                    0.3683745031262755
                ],
                [
                    0.03657142145420883,
                    0.7250382335974205,
                    0.6877369344122438,
                    0.7755547278820215
                ],
                [
                    0.0,
                    0.0,
                    0.0,
                    1.0
                ]
            ],
            "colmap_im_id": 41
        },
        {
            "file_path": "images/frame_00040.JPG",
            "transform_matrix": [
                [
                    0.9838809595020062,
                    -0.014625517411143396,
                    -0.1782255642994785,
                    0.03449682893918269
                ],
                [
                    -0.1483055138521339,
                    0.49014464829132554,
                    -0.8589317192375812,
                    -1.2494016792635187
                ],
                [
                    0.0999186273447835,
                    0.8715183979652,
                    0.48007494198062983,
                    -0.10101473304615453
                ],
                [
                    0.0,
                    0.0,
                    0.0,
                    1.0
                ]
            ],
            "colmap_im_id": 40
        },
        {
            "file_path": "images/frame_00039.JPG",
            "transform_matrix": [
                [
                    0.9838954314903399,
                    -0.01309295326494418,
                    -0.1782648436098388,
                    0.04671969136316907
                ],
                [
                    -0.1487991510234553,
                    0.4925920911974048,
                    -0.8574449512035548,
                    -1.229376009775338
                ],
                [
                    0.09903833877411931,
                    0.8701618276301079,
                    0.48271088778718585,
                    -0.11060008688665258
                ],
                [
                    0.0,
                    0.0,
                    0.0,
                    1.0
                ]
            ],
            "colmap_im_id": 39
        },
        {
            "file_path": "images/frame_00036.JPG",
            "transform_matrix": [
                [
                    -0.7814334486801636,
                    -0.18024576600473444,
                    0.5973886750861552,
                    2.823682511322362
                ],
                [
                    0.6049894995009397,
                    -0.453298209448601,
                    0.6546055597108033,
                    4.697511513660212
                ],
                [
                    0.1528053362203946,
                    0.8729445555979248,
                    0.4632691788523314,
                    -0.025207465156173968
                ],
                [
                    0.0,
                    0.0,
                    0.0,
                    1.0
                ]
            ],
            "colmap_im_id": 36
        },
        {
            "file_path": "images/frame_00035.JPG",
            "transform_matrix": [
                [
                    -0.7824757531412245,
                    -0.17991147238477742,
                    0.5961237772899298,
                    2.828637024661217
                ],
                [
                    0.6038989756696018,
                    -0.4526208724854247,
                    0.6560795477499188,
                    4.698008337115694
                ],
                [
                    0.15178182674904836,
                    0.8733648767238549,
                    0.46281321196984804,
                    -0.016728060061797074
                ],
                [
                    0.0,
                    0.0,
                    0.0,
                    1.0
                ]
            ],
            "colmap_im_id": 35
        },
        {
            "file_path": "images/frame_00034.JPG",
            "transform_matrix": [
                [
                    0.8244434105004581,
                    0.028777706826284454,
                    -0.5652122667389605,
                    -1.455128734162634
                ],
                [
                    -0.5633604112516065,
                    -0.053596053006100194,
                    -0.8244710486952154,
                    -1.6261642056728234
                ],
                [
                    -0.05401953273394957,
                    0.998147938279686,
                    -0.027974691977178785,
                    -2.1191758407363364
                ],
                [
                    0.0,
                    0.0,
                    0.0,
                    1.0
                ]
            ],
            "colmap_im_id": 34
        },
        {
            "file_path": "images/frame_00033.JPG",
            "transform_matrix": [
                [
                    0.8238559862668526,
                    0.03343013606796817,
                    -0.5658124600030903,
                    -1.4396351028070498
                ],
                [
                    -0.563605672549112,
                    -0.05750167761241748,
                    -0.8240401707090623,
                    -1.6269966365887594
                ],
                [
                    -0.06008294069646223,
                    0.9977855396197294,
                    -0.02853168699938127,
                    -2.1251410573861245
                ],
                [
                    0.0,
                    0.0,
                    0.0,
                    1.0
                ]
            ],
            "colmap_im_id": 33
        },
        {
            "file_path": "images/frame_00032.JPG",
            "transform_matrix": [
                [
                    0.3390453973565442,
                    0.10305792292136946,
                    -0.9351081664997242,
                    -3.2976944055532744
                ],
                [
                    -0.9239242629083041,
                    -0.15078340310101745,
                    -0.35160819353169626,
                    0.7457617249660069
                ],
                [
                    -0.17723480171989278,
                    0.9831802631625643,
                    0.044095296652830664,
                    -1.7193823202324556
                ],
                [
                    0.0,
                    0.0,
                    0.0,
                    1.0
                ]
            ],
            "colmap_im_id": 32
        },
        {
            "file_path": "images/frame_00031.JPG",
            "transform_matrix": [
                [
                    0.33681628416345255,
                    0.10654222824936517,
                    -0.9355231393835134,
                    -3.282861286781375
                ],
                [
                    -0.9252903203283608,
                    -0.14651099820162647,
                    -0.3498175960591496,
                    0.7424346760183842
                ],
                [
                    -0.17433477515677603,
                    0.9834547681543993,
                    0.04923520250200231,
                    -1.7245731990920368
                ],
                [
                    0.0,
                    0.0,
                    0.0,
                    1.0
                ]
            ],
            "colmap_im_id": 31
        },
        {
            "file_path": "images/frame_00030.JPG",
            "transform_matrix": [
                [
                    0.5323409763287335,
                    0.09034217277968792,
                    -0.8416955368414495,
                    -2.9538979685941302
                ],
                [
                    -0.8323481857059599,
                    -0.12537674083186542,
                    -0.5398862571045646,
                    -0.17584564421989038
                ],
                [
                    -0.15430354070262786,
                    0.9879873302202938,
                    0.008452966982557783,
                    -1.9250830976407727
                ],
                [
                    0.0,
                    0.0,
                    0.0,
                    1.0
                ]
            ],
            "colmap_im_id": 30
        },
        {
            "file_path": "images/frame_00013.JPG",
            "transform_matrix": [
                [
                    0.9973757026466872,
                    -0.07099927420792254,
                    -0.014170773866494348,
                    0.6774627408844998
                ],
                [
                    -0.014643788620074236,
                    -0.006146150948265623,
                    -0.999873884189087,
                    -3.1956258757089158
                ],
                [
                    0.07090322436164435,
                    0.9974574316182467,
                    -0.007169719984278534,
                    -2.327890304627486
                ],
                [
                    0.0,
                    0.0,
                    0.0,
                    1.0
                ]
            ],
            "colmap_im_id": 13
        },
        {
            "file_path": "images/frame_00012.JPG",
            "transform_matrix": [
                [
                    0.9943433636794777,
                    -0.10295422640304186,
                    0.026109430716378872,
                    0.7215275013819664
                ],
                [
                    0.03928635439592576,
                    0.1281169894740968,
                    -0.990980635212602,
                    -3.153408585863266
                ],
                [
                    0.09868058301844347,
                    0.9864007625067236,
                    0.13143697448318994,
                    -1.551820354745858
                ],
                [
                    0.0,
                    0.0,
                    0.0,
                    1.0
                ]
            ],
            "colmap_im_id": 12
        },
        {
            "file_path": "images/frame_00011.JPG",
            "transform_matrix": [
                [
                    0.9944001301949987,
                    -0.10268913969896795,
                    0.024966410556094353,
                    0.7131314533072008
                ],
                [
                    0.037608374296307444,
                    0.123080060426673,
                    -0.9916838754906501,
                    -3.127649151468142
                ],
                [
                    0.0987622967075921,
                    0.9870695210132124,
                    0.1262527997146565,
                    -1.5379739987951837
                ],
                [
                    0.0,
                    0.0,
                    0.0,
                    1.0
                ]
            ],
            "colmap_im_id": 11
        },
        {
            "file_path": "images/frame_00010.JPG",
            "transform_matrix": [
                [
                    0.891128976380044,
                    -0.20854203502929744,
                    0.4029880483112303,
                    3.1201239655823723
                ],
                [
                    0.41333229360003426,
                    0.006661682804318154,
                    -0.9105558945224339,
                    -2.1972783934939213
                ],
                [
                    0.18720460069984998,
                    0.9779907165244739,
                    0.09213357622905877,
                    -1.6658759859815377
                ],
                [
                    0.0,
                    0.0,
                    0.0,
                    1.0
                ]
            ],
            "colmap_im_id": 10
        },
        {
            "file_path": "images/frame_00009.JPG",
            "transform_matrix": [
                [
                    0.8913690453216677,
                    -0.20642522387686899,
                    0.4035465920928127,
                    3.1101209659865052
                ],
                [
                    0.41376606962086004,
                    0.007010314264139692,
                    -0.9103562462708891,
                    -2.1885366141505416
                ],
                [
                    0.18509150351338113,
                    0.9784372654602351,
                    0.09166053068716924,
                    -1.669488668836174
                ],
                [
                    0.0,
                    0.0,
                    0.0,
                    1.0
                ]
            ],
            "colmap_im_id": 9
        },
        {
            "file_path": "images/frame_00008.JPG",
            "transform_matrix": [
                [
                    0.99579750444658,
                    -0.08628652045572535,
                    0.03069147317427403,
                    0.684508647537267
                ],
                [
                    0.02641501614834037,
                    -0.050273590255444055,
                    -0.9983861041925166,
                    -2.7894398389523327
                ],
                [
                    0.08769023354881893,
                    0.995001106788566,
                    -0.047783055884719004,
                    -2.4456100828919807
                ],
                [
                    0.0,
                    0.0,
                    0.0,
                    1.0
                ]
            ],
            "colmap_im_id": 8
        },
        {
            "file_path": "images/frame_00007.JPG",
            "transform_matrix": [
                [
                    0.9957225168594873,
                    -0.08613713262752207,
                    0.03342250442017684,
                    0.6820376727941525
                ],
                [
                    0.02940424417511043,
                    -0.04750374316958339,
                    -0.998438172752509,
                    -2.790336780622786
                ],
                [
                    0.087590295372824,
                    0.9951501337826304,
                    -0.04476774942874073,
                    -2.4514152172204957
                ],
                [
                    0.0,
                    0.0,
                    0.0,
                    1.0
                ]
            ],
            "colmap_im_id": 7
        },
        {
            "file_path": "images/frame_00006.JPG",
            "transform_matrix": [
                [
                    0.9992025782654855,
                    -0.03476715235563583,
                    0.019632949464766188,
                    0.6500229633498052
                ],
                [
                    0.024097855222324376,
                    0.1330569279685384,
                    -0.9908153951636293,
                    -1.8949240903963172
                ],
                [
                    0.03183552985722008,
                    0.9904984094064238,
                    0.13378863928620713,
                    -1.5088646294710113
                ],
                [
                    0.0,
                    0.0,
                    0.0,
                    1.0
                ]
            ],
            "colmap_im_id": 6
        },
        {
            "file_path": "images/frame_00005.JPG",
            "transform_matrix": [
                [
                    0.9991629322553774,
                    -0.0356618883785152,
                    0.020041569901444258,
                    0.6386845653192427
                ],
                [
                    0.02428966719214435,
                    0.12298473157998875,
                    -0.9921112678857614,
                    -1.8828004524284865
                ],
                [
                    0.03291575419963851,
                    0.9917676066072518,
                    0.1237480004282596,
                    -1.4803856043849406
                ],
                [
                    0.0,
                    0.0,
                    0.0,
                    1.0
                ]
            ],
            "colmap_im_id": 5
        },
        {
            "file_path": "images/frame_00004.JPG",
            "transform_matrix": [
                [
                    0.8632659378055454,
                    0.16309607850331853,
                    -0.4776730993069964,
                    -1.3529769487389112
                ],
                [
                    -0.49211382959652783,
                    0.06153489074842761,
                    -0.8683532898195403,
                    -1.8804700763171966
                ],
                [
                    -0.11223145434570382,
                    0.9846893552778047,
                    0.13338281095414714,
                    -1.5178988028651965
                ],
                [
                    0.0,
                    0.0,
                    0.0,
                    1.0
                ]
            ],
            "colmap_im_id": 4
        },
        {
            "file_path": "images/frame_00003.JPG",
            "transform_matrix": [
                [
                    0.8618936112831231,
                    0.16346105552144558,
                    -0.48002071430007215,
                    -1.3508897514208076
                ],
                [
                    -0.49420459737672223,
                    0.05873887871910606,
                    -0.8673589568676475,
                    -1.8786040146696354
                ],
                [
                    -0.11358353208563508,
                    0.9847995874565733,
                    0.13140986943268176,
                    -1.5147048030615002
                ],
                [
                    0.0,
                    0.0,
                    0.0,
                    1.0
                ]
            ],
            "colmap_im_id": 3
        },
        {
            "file_path": "images/frame_00002.JPG",
            "transform_matrix": [
                [
                    0.7095815483709335,
                    0.20599989815631897,
                    -0.6738383101094022,
                    -2.359706057433556
                ],
                [
                    -0.6926374186335749,
                    0.028283755896430576,
                    -0.720731181135525,
                    -1.159705374576487
                ],
                [
                    -0.129411871635204,
                    0.9781431751599442,
                    0.16275286900050684,
                    -1.3742302827666983
                ],
                [
                    0.0,
                    0.0,
                    0.0,
                    1.0
                ]
            ],
            "colmap_im_id": 2
        },
        {
            "file_path": "images/frame_00001.JPG",
            "transform_matrix": [
                [
                    0.7071507373207282,
                    0.20481525320920804,
                    -0.6767485107184191,
                    -2.353139362230895
                ],
                [
                    -0.6949815836121739,
                    0.025164228856971938,
                    -0.7185870580701748,
                    -1.168832107620129
                ],
                [
                    -0.1301477358491695,
                    0.9784771196297245,
                    0.16013773201357903,
                    -1.373314523115498
                ],
                [
                    0.0,
                    0.0,
                    0.0,
                    1.0
                ]
            ],
            "colmap_im_id": 1
        },
        {
            "file_path": "images/frame_00014.JPG",
            "transform_matrix": [
                [
                    0.9971729762896127,
                    -0.07349179974457953,
                    -0.015652818532719364,
                    0.6735681788577047
                ],
                [
                    -0.015809549776546385,
                    -0.0015513619219191814,
                    -0.9998738177450444,
                    -3.1788509441576758
                ],
                [
                    0.07345824319692464,
                    0.9972946147686196,
                    -0.002708848451212433,
                    -2.3443211949901563
                ],
                [
                    0.0,
                    0.0,
                    0.0,
                    1.0
                ]
            ],
            "colmap_im_id": 14
        },
        {
            "file_path": "images/frame_00015.JPG",
            "transform_matrix": [
                [
                    0.985863474597416,
                    -0.15911874364769918,
                    0.05248271024525934,
                    0.9637040071776469
                ],
                [
                    0.1318851598880242,
                    0.543759915256561,
                    -0.8288132836540977,
                    -1.984273473310142
                ],
                [
                    0.10334173433816728,
                    0.8240184342477754,
                    0.5570584403487879,
                    0.8298287914655748
                ],
                [
                    0.0,
                    0.0,
                    0.0,
                    1.0
                ]
            ],
            "colmap_im_id": 15
        },
        {
            "file_path": "images/frame_00016.JPG",
            "transform_matrix": [
                [
                    0.9855024713387944,
                    -0.1611417154891729,
                    0.05308697122962355,
                    0.9602891934337066
                ],
                [
                    0.1331961889950827,
                    0.541028835176493,
                    -0.8303894115080904,
                    -1.9829881172138482
                ],
                [
                    0.1050887920870472,
                    0.825421799467868,
                    0.5546487165232711,
                    0.8325429548311324
                ],
                [
                    0.0,
                    0.0,
                    0.0,
                    1.0
                ]
            ],
            "colmap_im_id": 16
        },
        {
            "file_path": "images/frame_00017.JPG",
            "transform_matrix": [
                [
                    0.042495295384427506,
                    -0.8596037130440523,
                    0.5091911295290483,
                    2.8549909253161823
                ],
                [
                    0.9579175226578518,
                    -0.10975578498341225,
                    -0.2652313847336289,
                    0.9575833782766133
                ],
                [
                    0.28388055526089384,
                    0.4990341913972961,
                    0.8187653547636299,
                    1.6849682400860162
                ],
                [
                    0.0,
                    0.0,
                    0.0,
                    1.0
                ]
            ],
            "colmap_im_id": 17
        },
        {
            "file_path": "images/frame_00018.JPG",
            "transform_matrix": [
                [
                    0.03544741396617414,
                    -0.8597460812099265,
                    0.5094900947881961,
                    2.8647858492429483
                ],
                [
                    0.9580172765974491,
                    -0.11590473679649782,
                    -0.26223842153456695,
                    0.9930533869764908
                ],
                [
                    0.2845107705938693,
                    0.4973959869483359,
                    0.8195430761001972,
                    1.685110324054936
                ],
                [
                    0.0,
                    0.0,
                    0.0,
